0 1 2 3 4 5 6 7 8 9 10 11 12 13 14 15 16 17 18 19 20 21 22 23 24 25 26 27 28 29 30 31 32 33 34 35 36 37 38 39 40 41 42 43 44 45 46 57 63 47 83 87 90 84 97 85 73 98 95 103 106 114 88 121 48 107 104 74 58 108 59 96 131 132 134 91 92 139 49 75 122 99 130 50 93 51 60 125 133 64 94 115 52 61 109 89 123 145 76 77 110 53 102 140 65 128 116 142 111 66 105 100 67 124 117 118 68 62 69 78 86 144 143 146 54 70 79 141 112 147 148 80 149 71 101 135 55 126 81 56 137 136 129 113 138 82 127 119 150 120 72
1 139 140 54 56
2 106 107 108 134 91 92 99 93 125 94 109 110 128 111 101 135 126 136 113 127 72 3 4 9 16 19 21 23 24 25 27 32 33 34 35 40 41 42 44
3 107 108 91 92 99 51 109 77 110 136 127 72 4 5 8 12 16 19 23 24 27 32 33 34 35 44
4 106 91 92 99 93 109 110 113 120 72 9 12 16 19 23 24 32 33 40 41 42
5 47 61 76 68 78 143 80 82 7 12
6 150 11 13 18 26 29 31 36
7 64 61 65 143 120 72 12
8 107 91 92 125 111 112 136 127 24 35
9 106 107 134 91 92 99 93 125 109 110 111 112 101 135 126 113 127 72 16 19 21 23 24 25 27 28 32 33 40 41 42 44
10 46 47 48 49 75 50 51 52 61 53 78 54 79 55 56 22
11 150 13 18 26 36
12 74 99 64 61 66 68 143 71 81 119 72 33
13 150 14 26 29 36
14 150 26 29 36
15 102 38 43
16 106 107 108 91 92 99 93 125 94 109 110 128 111 112 101 135 126 129 113 127 72 17 19 21 23 24 25 27 28 32 33 34 40 41 42 44
17 108 92 99 93 128 111 100 112 101 129 19 25 27 28
18 109 110 150 26 31 36
19 106 107 108 91 92 99 93 125 94 109 110 128 111 112 101 135 126 136 113 127 72 21 23 24 25 27 28 29 32 33 35 40 41 42 44
20 63 64 142 66 67 69 70 71 72 45
21 106 107 91 92 99 93 125 94 109 110 128 111 112 101 113 127 72 23 24 25 27 28 32 33 41 42 44
22 46 47 97 73 48 49 75 50 51 52 61 76 77 53 78 54 79 80 55 56
23 106 107 91 92 99 125 94 109 110 111 112 135 126 136 113 127 24 25 27 32 33 35 40 41 42 44
24 107 91 92 99 93 125 94 109 110 135 126 137 136 138 127 72 25 27 28 32 33 34 35 40 42 44
25 106 107 91 92 99 93 94 128 111 100 112 101 126 129 113 127 27 28 40 41 42
26 150 29 30 31 36 37 38
27 106 107 134 91 92 99 93 94 109 110 128 111 66 100 112 101 135 113 127 72 28 32 33 35 41 42 44 45
28 107 108 92 99 128 111 112 101 129 127 72 33
29 67 150 31 35 36
30 125 150
31 150 36 37
32 107 91 99 93 125 109 110 135 136 113 127 72 33 34 35 40 41 42 44
33 106 107 91 92 99 93 125 133 94 109 110 111 141 112 135 126 113 127 72 34 35 40 41 42 44
34 107 91 92 99 93 125 94 109 110 135 137 136 138 72 35 40 42 44
35 107 91 92 125 109 110 112 126 136 127 40 44
36 150 37
37 150
38 102 43
39 72 41
40 106 91 92 99 125 109 110 128 144 112 148 135 126 136 113 72 41 42 44
41 106 107 131 91 92 99 93 125 94 109 145 110 144 146 112 147 148 149 101 135 126 113 72 42 44
42 106 107 108 91 92 99 93 125 94 109 110 128 111 112 101 135 126 136 113 127 72 44
43 102
44 107 91 92 125 135 126 136 113 72
45 63 64 142 66 67 69 70 71 72
46 47 48 49 50 51 52 53 54 55 56
47 73 48 74 49 75 50 51 52 61 76 77 53 78 79 80 55 81 56 82
48 97 49 75 50 51 52 53 79 55 56
49 73 74 75 50 51 52 76 77 53 78 79 80 55 81 56
50 75 51 52 76 77 53 78 79 80 55 81 56
51 97 73 75 52 76 77 53 78 79 80 55 81 56 82
52 75 53 78 79 55 56
53 97 75 76 68 79 55 56
54 139 76 140 65 78 55 81 56
55 97 75 76 77 68 69 78 79 80 81 56
56 97 139 75 61 76 77 78 79 80
57 58 59 60 61 62
58 87 84 85 95 59 60 61 62 86
59 84 85 96 60 61 62 86
60 84 85 95 96 61 89 62 86 82
61 87 84 85 73 95 114 88 74 96 75 130 64 115 89 76 116 117 118 62 86 143 81 119 120 72
62 83 87 84 85 95 96 89 86
63 64 65 66 67 68 69 70 71 72
64 131 139 65 142 67 68 69 70 71 82 72
65 142 66 67 68 69 70 71 82 72
66 142 67 68 69 70 71 82 72
67 131 142 68 69 70 71 72
68 77 78 71 82 72
69 133 142 70 71 72
70 142 71 82 72
71 77 142 72
72 131 132 134 91 92 99 93 125 133 109 89 110 142 111 141 112 135 126 136 119 120
73 74 96 75 78 80
74 75 80
75 97 76 78 79 80 81
76 97 96 77 78 79 80
77 79 81
78 97 79 80 81
79 80 81
80 81
81
82 131
83 84 85 86
84 85 95 96 86
85 95 88 96 86
86 95
87 88 89
88 96 89
89 95 114 96 130 115 116 117 118 119 120
90 91 92 93 94
91 106 107 131 92 99 93 125 94 109 110 111 112 135 126 136 113 127
92 106 107 108 99 93 125 94 109 110 128 111 101 126 137 136 113 138 127
93 98 106 107 131 132 134 99 133 109 110 128 111 100 101 135
94 99 109 126 136 113 138 127
95 96 102
96 114 130 115 116 117 118 119 120
97
98 99 100 101
99 107 108 131 134 125 109 110 128 111 100 112 101 135 126 127
100 107 108 134 128 112 101 113
101 106 107 108 134 128 111 112 135 129 113
102
103 104 105
104 105
105 119
106 107 108 109 110 111 112 113
107 108 125 110 112 126 113 127
108 109 128 111 112 129 113
109 134 125 110 111 144 126 136 113 138
110 125 111 144 126 136 113 127
111 131 134 128 129 113
112 125 128 126 129 113
113 134 125 135 126
114 115 116 117 118 119 120
115 116 117 119 120
116 117 118 119 120
117 118 119 120
118 119 120
119 140 120
120
121 122 123 124
122 123 124
123 124
124
125 126 136
126 135
127 136
128 134 129
129
130
131 132 133
132 133
133 141
134 135
135 136
136
137 138
138
139 140
140
141
142
143
144 148
145 146 147 148 149
146 147 149
147 149
148
149
150
